254

boxI =

     1     1   256   256


boxJ =

    30    30   224   224