boxI =

         123         138         992        1063


boxJ =

         121         135         993        1073
