254

boxI =

    32    64   224   214


boxJ =

    30    30   224   223
