254

boxI =

     1     1   160   256


boxJ =

    30    30   192   224
